208
209
210
211
212
214
213
222
216
215
220
217
218
219
221
100
115
101
102
103
104
105
106
107
108
109
112
110
111
114
113
137
150
140
138
139
141
142
143
144
145
146
147
149
148
83
96
84
85
86
87
88
89
90
91
92
93
95
94
97
98
1
16
2
3
4
5
6
7
8
9
10
13
11
12
15
14
17
18
20
29
21
22
23
25
24
27
26
28
30
31
33
44
34
35
36
37
38
39
40
43
42
41
45
46
48
57
49
50
51
52
53
54
55
56
58
59
61
79
62
63
64
65
66
75
67
68
69
70
73
72
71
74
77
76
78
152
151
153
119
121
120
122
133
123
124
125
126
127
128
129
132
131
130
134
135
155
164
156
157
158
160
159
162
161
163
165
166
168
182
169
170
171
176
172
173
174
175
177
178
180
179
181
183
184
186
204
187
188
189
190
191
200
192
193
194
195
198
197
196
199
202
201
203
